0 0.1421875 0.480208325 0.284375 0.44791665
0 0.1125 0.820833325 0.225 0.35833335
0 0.17265624999999998 0.16145833699999998 0.2296875 0.281250006
0 0.37890625 0.773958325 0.4140625 0.45208335
0 0.3890625 0.14895834 0.21875 0.29791668
0 0.4390625 0.43854165 0.3125 0.35208330000000004
0 0.6156250000000001 0.15625 0.259375 0.3125
0 0.7859375 0.740625 0.428125 0.51875
0 0.7734375 0.334375018 0.3374999999999999 0.43958336400000003
0 0.77421875 0.079166665 0.20781250000000007 0.15833333
0 0.9359375 0.128125 0.12812500000000004 0.25625
0 0.959375 0.381249995 0.08125000000000004 0.33333331
