0 0.13874999999999998 0.713009 0.16124999999999998 0.17676200000000009
0 0.3590625 0.741311 0.145625 0.100298
0 0.3853125 0.788977 0.13187499999999996 0.138034
0 0.4878125 0.374876 0.16812500000000002 0.22144999999999998
0 0.52 0.4419065 0.14500000000000002 0.21847100000000003
0 0.6468750000000001 0.794439 0.15000000000000002 0.15293
0 0.7634375 0.808838 0.244375 0.1976159999999999
0 0.733125 0.4429 0.11750000000000005 0.16683199999999998
0 0.7515625 0.698113 0.13187499999999996 0.16881800000000002
0 0.8671875 0.7363455000000001 0.13687500000000008 0.273089
