Egg 0.14781249999999999 0.39342699999999997 0.226875 0.17277000000000003
Egg 0.2184375 0.551174 0.27812499999999996 0.289202
Egg 0.33625 0.22582200000000002 0.21625000000000003 0.14554000000000003
Egg 0.45781249999999996 0.694366 0.32687499999999997 0.267606
Egg 0.4475 0.36385 0.25499999999999995 0.19061
Egg 0.5918749999999999 0.1525825 0.21499999999999997 0.10798100000000001
Egg 0.67125 0.4713615 0.24124999999999996 0.20657300000000006
Egg 0.6978125 0.2798125 0.23312499999999992 0.142723
Egg 0.81875 0.661972 0.31000000000000005 0.29108
Egg 0.8403125 0.153052 0.19937499999999997 0.16525800000000002
Egg 0.9121874999999999 0.49436599999999997 0.17437500000000006 0.20187799999999995
Egg 0.9428125 0.3070425 0.11312500000000003 0.150235
