Egg 0.100811905 0.263855423 0.20162381 0.359036154
Egg 0.079161025 0.66746986 0.15832205 0.38072288
Egg 0.281461435 0.65662652 0.23815969 0.42168676
Egg 0.31461434 0.27108434000000003 0.20433018 0.35421688
Egg 0.54465495 0.6807229 0.22868744000000002 0.4024096
Egg 0.5399188149999999 0.2698795225 0.20568336999999998 0.35662651500000003
Egg 0.7889039 0.6506024 0.2435723999999999 0.46265059999999997
Egg 0.75575101 0.248192775 0.1718538999999999 0.40000001
Egg 0.936400535 0.286746985 0.12719893000000004 0.32771083
Egg 0.9587280149999999 0.6578313250000001 0.08254397000000002 0.40963855000000005
