Egg 0.14209 0.4512485 0.202148 0.19381700000000002
Egg 0.354004 0.756837 0.18457 0.12485199999999996
Egg 0.384277 0.177765 0.131836 0.13912
Egg 0.44482449999999996 0.798454 0.12011699999999997 0.13436399999999993
Egg 0.460449 0.1676575 0.08300799999999997 0.173603
Egg 0.6542969999999999 0.1444705 0.08007799999999998 0.16052299999999997
Egg 0.7304685 0.203924 0.15429700000000002 0.136742
Egg 0.739746 0.7045185 0.139648 0.16290100000000007
Egg 0.8037110000000001 0.635553 0.19531200000000004 0.09155800000000003
Egg 0.824219 0.46432799999999996 0.16992200000000002 0.09393599999999996
Egg 0.8046875 0.33531500000000003 0.11523499999999998 0.13317399999999996
