Egg 0.20214300000000002 0.652047 0.198572 0.212476
Egg 0.195 0.451267 0.17285799999999998 0.18518600000000002
Egg 0.267857 0.291423 0.16142800000000002 0.220272
Egg 0.2914285 0.803119 0.168571 0.24171600000000004
Egg 0.34857150000000003 0.4902535 0.13714299999999996 0.255361
Egg 0.369286 0.15497100000000003 0.14428600000000003 0.263158
Egg 0.41714300000000004 0.8791420000000001 0.15428599999999998 0.23391799999999996
Egg 0.4414285 0.6754385 0.18285700000000005 0.20077899999999993
Egg 0.5292855 0.376218 0.17857099999999998 0.194932
Egg 0.5142855 0.15594550000000001 0.13714299999999996 0.249513
Egg 0.5742860000000001 0.5701755 0.18000000000000005 0.19298300000000002
Egg 0.5700000000000001 0.874269 0.14 0.247564
Egg 0.6385715 0.236842 0.134285 0.189084
Egg 0.6799999999999999 0.7563355 0.17428600000000005 0.23001900000000008
Egg 0.7285714999999999 0.3869395 0.19428499999999993 0.208577
Egg 0.753571 0.5838205000000001 0.18999999999999995 0.19298300000000002
