Egg 0.42625 0.1941665 0.14875 0.153333
Egg 0.0353125 0.6954165 0.070625 0.18583299999999991
Egg 0.07875 0.50625 0.1575 0.16583399999999998
Egg 0.0728125 0.8320835 0.135625 0.23083299999999995
Egg 0.1746875 0.35375 0.15937500000000002 0.174166
Egg 0.2746875 0.1141665 0.129375 0.163333
Egg 0.36 0.6204164999999999 0.14500000000000002 0.229167
Egg 0.6643749999999999 0.37458349999999996 0.12 0.17416700000000002
Egg 0.6765625 0.5725 0.12687499999999996 0.22833400000000004
Egg 0.771875 0.7595835 0.15500000000000003 0.24416700000000002
Egg 0.78625 0.410833 0.12624999999999997 0.19500000000000006
Egg 0.8540625 0.64125 0.16937499999999994 0.18416600000000005
