Egg 0.1328125 0.527083325 0.13124999999999998 0.16666665000000003
Egg 0.12265625000000001 0.036458332 0.1078125 0.072916664
Egg 0.1484375 0.7052083250000001 0.140625 0.18541664999999996
Egg 0.2375 0.032291665 0.109375 0.06458333
Egg 0.2734375 0.49895831500000004 0.12187499999999998 0.16874997000000003
Egg 0.2953125 0.66875003 0.12499999999999997 0.16666665999999997
Egg 0.33359375 0.021875 0.0859375 0.04375
Egg 0.40546875000000004 0.478124985 0.12031249999999999 0.14791663000000005
Egg 0.42890625 0.64374997 0.12656250000000002 0.16666665999999997
Egg 0.45390624999999996 0.01875 0.10156249999999994 0.0375
Egg 0.528125 0.45625000000000004 0.11875000000000002 0.1375
Egg 0.559375 0.60520833 0.12187500000000007 0.17291665999999994
Egg 0.5562499999999999 0.015625 0.09999999999999998 0.03125
Egg 0.63828125 0.43541668999999994 0.12031250000000004 0.15000001999999996
Egg 0.64921875 0.008333334 0.0859375 0.016666668
Egg 0.678125 0.57708335 0.125 0.17916669999999996
Egg 0.7484375000000001 0.40937501 0.10312500000000002 0.16041666
Egg 0.79375 0.54583333 0.11562499999999998 0.16666665999999997
Egg 0.88515625 0.33645833999999997 0.08281249999999996 0.11041667999999999
Egg 0.9429687499999999 0.26874999 0.09531250000000002 0.11666666
Egg 0.96328125 0.439583335 0.0703125 0.11666667000000003
Egg 0.98359375 0.353125 0.029687499999999978 0.08124999999999999
