Egg 0.011732852 0.68772562 0.023465704 0.03971115999999997
Egg 0.02166065 0.7256317750000001 0.0433213 0.039711249999999976
Egg 0.0054151625 0.7572202100000001 0.010830325 0.030685900000000044
Egg 0.01534296 0.7942237999999999 0.03068592 0.03971120000000006
Egg 0.0324909745 0.66155235 0.043321299 0.037906100000000054
Egg 0.037906139 0.76714802 0.043321302000000006 0.04332123999999993
Egg 0.049638991 0.6922382300000001 0.04512635799999999 0.04151625999999997
Egg 0.055956677499999996 0.802346585 0.043321295 0.03429602999999992
Egg 0.0676895285 0.726534315 0.045126353 0.04873642999999994
Egg 0.074909747 0.66245488 0.041516246 0.03971115999999997
Egg 0.083032491 0.76805055 0.050541518 0.030685899999999933
Egg 0.0929602875 0.6967509000000001 0.04512635500000001 0.03971120000000006
Egg 0.1046931425 0.809566785 0.050541514999999995 0.04873642999999994
Egg 0.1155234675 0.73194945 0.046931404999999995 0.04512629999999995
Egg 0.117328515 0.6642599499999999 0.03971118999999999 0.04332130000000001
Egg 0.131768955 0.768953085 0.05415162999999999 0.03249097000000001
Egg 0.13628159 0.6967509000000001 0.04512635999999999 0.03971120000000006
Egg 0.15974728500000002 0.73646208 0.04512635000000001 0.046931440000000046
Egg 0.16335739999999999 0.663357405 0.037906120000000015 0.03790610999999999
Egg 0.18592058 0.69855595 0.050541520000000006 0.05054150000000002
Egg 0.20758123 0.671480115 0.0397112 0.03249097000000001
Egg 0.361010835 0.8962094 0.05415162999999995 0.05956679999999992
Egg 0.38447653000000004 0.8438628 0.04693142 0.04512640000000001
Egg 0.39440432999999997 0.798736455 0.04512633999999999 0.03790617000000007
Egg 0.41335739000000005 0.75812275 0.04693142 0.0361011
Egg 0.42148015 0.90613717 0.05956680000000003 0.06498194000000002
Egg 0.425090255 0.723826705 0.04151624999999998 0.036101109999999936
Egg 0.438628155 0.8474729249999999 0.061371830000000016 0.04512634999999998
Egg 0.43772563 0.6931408 0.04151626000000003 0.018050600000000028
Egg 0.455776165 0.803249085 0.04873647000000003 0.046931429999999996
Egg 0.462996395 0.76173285 0.04873645000000004 0.04332130000000001
Egg 0.48194947499999996 0.722021625 0.04332131 0.03249094999999991
Egg 0.4837545 0.68862815 0.04332127999999996 0.023465700000000034
Egg 0.49097473 0.913357375 0.05776173999999995 0.06498194999999996
Egg 0.500902535 0.851083035 0.05595673000000001 0.04873647000000003
Egg 0.509927795 0.80685922 0.048736489999999966 0.03971115999999997
Egg 0.52075815 0.76263538 0.048736500000000016 0.04151623999999998
Egg 0.5333935000000001 0.72743685 0.05234660000000002 0.0361011
Egg 0.531588475 0.6895306999999999 0.027075850000000012 0.02166060000000003
Egg 0.5541516 0.916065 0.06498199999999998 0.06678699999999993
Egg 0.5640794 0.85740075 0.05234659999999991 0.04332130000000001
Egg 0.57220215 0.81137182 0.05054150000000002 0.04512636000000003
Egg 0.577617345 0.770758125 0.04693139000000002 0.05054144999999999
Egg 0.58483755 0.722924165 0.0361011 0.016245470000000095
Egg 0.62545125 0.92418773 0.05595670000000008 0.06859206000000007
Egg 0.628158835 0.866425985 0.05415159000000003 0.04332122999999999
Egg 0.6326715 0.8176895049999999 0.05956679999999992 0.043321309999999946
Egg 0.63447655 0.7770758 0.05595669999999997 0.027075799999999983
