Egg 0.5290805 0.8158799999999999 0.21263300000000002 0.18111599999999994
Egg 0.332395 0.5 0.17823600000000003 0.17424799999999996
Egg 0.337398 0.8527895000000001 0.16823000000000005 0.222317
Egg 0.36679150000000005 0.679399 0.185741 0.18455
Egg 0.48905600000000005 0.41673799999999994 0.15384599999999998 0.186266
Egg 0.5603505 0.9321889999999999 0.19387100000000002 0.13390599999999997
Egg 0.56035 0.5309015 0.18261400000000005 0.20343300000000003
Egg 0.7191995 0.407296 0.14258900000000008 0.181116
Egg 0.800188 0.534764 0.12945600000000002 0.211158
Egg 0.912758 0.39227449999999997 0.13946199999999997 0.22489299999999995
