Egg 0.4771875 0.6214999999999999 0.12062499999999998 0.16699999999999993
Egg 0.3121875 0.40900000000000003 0.12312500000000004 0.14799999999999996
Egg 0.343125 0.21299999999999997 0.10499999999999998 0.142
Egg 0.44999999999999996 0.10849999999999999 0.11125000000000002 0.129
Egg 0.4725 0.3815 0.12 0.14100000000000001
Egg 0.4765625 0.528 0.12812500000000004 0.13999999999999996
Egg 0.5090625 0.4445 0.09062499999999996 0.133
Egg 0.5909375 0.21550000000000002 0.08062499999999995 0.12100000000000002
Egg 0.62125 0.522 0.09250000000000003 0.15199999999999997
Egg 0.6571875 0.16999999999999998 0.08937499999999998 0.142
Egg 0.7078125 0.3595 0.08812500000000001 0.11499999999999999
Egg 0.8006249999999999 0.533 0.10750000000000004 0.15399999999999997
Egg 0.80125 0.288 0.08374999999999999 0.148
