Egg 0.3125 0.5811715 0.09750000000000003 0.15313900000000003
Egg 0.3190625 0.7255229999999999 0.10312499999999997 0.18410000000000004
Egg 0.335625 0.441841 0.12124999999999997 0.10543999999999998
Egg 0.3959375 0.3790795 0.10062499999999996 0.05857699999999999
Egg 0.459375 0.7033475 0.1325 0.15648499999999999
Egg 0.4609375 0.5330545 0.09687500000000004 0.13556499999999994
Egg 0.5178125 0.3405855 0.10687500000000005 0.06192500000000001
Egg 0.55625 0.407113 0.125 0.08451799999999998
Egg 0.5678125 0.512134 0.11187500000000006 0.122176
Egg 0.6256250000000001 0.720502 0.13 0.17071199999999997
Egg 0.6846875 0.42761499999999997 0.11687500000000006 0.122176
Egg 0.7040625 0.5535565 0.114375 0.13974899999999996
