Egg 0.025625 0.8941669999999999 0.05125 0.08999999999999997
Egg 0.029375 0.7308330000000001 0.05875 0.06500000000000006
Egg 0.048125 0.610833 0.09625 0.17000000000000004
Egg 0.0334375 0.9199999999999999 0.055625 0.03833399999999998
Egg 0.049062499999999995 0.76 0.050624999999999996 0.03833400000000009
Egg 0.0834375 0.8320835 0.059375000000000004 0.06583300000000003
Egg 0.0884375 0.69875 0.05687500000000001 0.06416599999999995
Egg 0.09156249999999999 0.9845835000000001 0.063125 0.029167000000000054
Egg 0.1053125 0.8708335 0.051875000000000004 0.046667000000000014
Egg 0.11937500000000001 0.7279165000000001 0.07250000000000001 0.06416699999999997
Egg 0.15437499999999998 0.95375 0.0725 0.09083400000000008
Egg 0.1509375 0.7858335000000001 0.060625 0.07166700000000004
Egg 0.3109375 0.59875 0.366875 0.3775
Egg 0.1821875 0.8220835 0.075625 0.06583300000000003
Egg 0.1959375 0.98125 0.05187499999999998 0.029165999999999914
Egg 0.2228125 0.8987499999999999 0.07187499999999997 0.08750000000000002
Egg 0.265 0.9445835 0.07375000000000001 0.07916699999999999
Egg 0.3359375 0.7987500000000001 0.055625000000000036 0.08083399999999996
Egg 0.37093750000000003 0.849583 0.05562499999999998 0.08250000000000002
Egg 0.4096875 0.8991665 0.05812499999999998 0.09666700000000006
Egg 0.6490625 0.5895835 0.5118750000000001 0.45416700000000004
Egg 0.4465625 0.9658335 0.05937500000000001 0.06666700000000003
Egg 0.45781249999999996 0.84625 0.05437500000000001 0.0824999999999999
Egg 0.49031250000000004 0.98375 0.056875000000000064 0.030834000000000028
Egg 0.4978125 0.90625 0.05187500000000006 0.07916600000000007
Egg 0.505 0.8054165 0.050000000000000044 0.07416699999999998
Egg 0.541875 0.954583 0.06499999999999995 0.08250000000000002
Egg 0.540625 0.8529165 0.053749999999999964 0.07916699999999999
Egg 0.5896874999999999 0.90875 0.06437499999999996 0.08083399999999996
Egg 0.5909375 0.9820835000000001 0.05437500000000006 0.030833
Egg 0.6399999999999999 0.95875 0.0675 0.08083400000000007
Egg 0.6375 0.8658335 0.05999999999999994 0.088333
Egg 0.65625 0.33375 0.050000000000000044 0.060834
Egg 0.655 0.36916649999999995 0.04249999999999998 0.048333000000000015
Egg 0.6615625 0.41041649999999996 0.05062500000000003 0.06916700000000003
Egg 0.6784375 0.820417 0.06062500000000004 0.07250000000000001
Egg 0.6840625 0.9158335 0.06687500000000002 0.098333
Egg 0.7415625 0.3595835 0.10187499999999994 0.16416699999999995
Egg 0.7290625 0.8666665 0.05437499999999995 0.09666700000000006
Egg 0.7953125 0.4870835 0.059374999999999956 0.08416700000000005
Egg 0.8178125 0.33625 0.05312499999999998 0.07250000000000001
Egg 0.8515625 0.4325 0.05812499999999998 0.09999999999999998
Egg 0.864375 0.36624999999999996 0.07125000000000004 0.07416600000000001
Egg 0.9396875 0.42416699999999996 0.059374999999999956 0.09000000000000002
Egg 0.9578125 0.4679165 0.05687500000000001 0.094167
Egg 0.9728125000000001 0.5979165 0.05312499999999998 0.11416700000000002
