Egg 0.21812499999999999 0.5175000000000001 0.15999999999999998 0.10833400000000004
Egg 0.23843749999999997 0.32 0.09812499999999999 0.09333400000000003
Egg 0.34750000000000003 0.391667 0.11249999999999999 0.14
Egg 0.3909375 0.2470835 0.10312500000000002 0.135833
Egg 0.4375 0.5916665 0.13999999999999996 0.16333299999999995
Egg 0.4540625 0.7783335 0.13687499999999997 0.15833300000000006
Egg 0.5303125 0.30125 0.051875000000000004 0.04083399999999998
Egg 0.5759375 0.38625 0.1343749999999999 0.129166
Egg 0.54625 0.265833 0.04125000000000001 0.05000000000000002
Egg 0.645625 0.5675 0.15999999999999992 0.16333400000000003
Egg 0.71 0.799167 0.15249999999999997 0.20000000000000007
Egg 0.75125 0.4391665 0.12124999999999997 0.16833300000000007
Egg 0.7878125 0.9758335 0.059374999999999956 0.046667000000000014
Egg 0.8403125 0.63375 0.13937500000000003 0.13750000000000007
Egg 0.8274999999999999 0.9704170000000001 0.04625000000000001 0.057499999999999996
Egg 0.9334375 0.5070835 0.13187499999999996 0.14916700000000005
Egg 0.9465625 0.9129164999999999 0.10562499999999997 0.12416700000000003
Egg 0.9806250000000001 0.7370835 0.03749999999999998 0.06916699999999998
Egg 0.981875 0.6854165000000001 0.03500000000000003 0.04083300000000001
