Egg 0.13468750000000002 0.5329165 0.031875000000000014 0.100833
Egg 0.1771875 0.5020830000000001 0.09437499999999999 0.13249999999999995
Egg 0.2625 0.4641665 0.1 0.166667
Egg 0.3628125 0.49875 0.09562500000000002 0.125834
Egg 0.4271875 0.508333 0.06937499999999996 0.15500000000000003
Egg 0.42218750000000005 0.7241664999999999 0.023125000000000007 0.156667
Egg 0.4909375 0.65125 0.055625000000000036 0.17916599999999994
Egg 0.6003125 0.5495835 0.06937499999999996 0.17583299999999996
Egg 0.705625 0.45208349999999997 0.11249999999999993 0.22583299999999995
Egg 0.8590625000000001 0.2975 0.12812499999999993 0.258334
