Egg 0.0196875 0.06958349999999999 0.039375 0.039166999999999993
Egg 0.02125 0.3941665 0.0425 0.096667
Egg 0.0803125 0.5004165 0.123125 0.11916700000000008
Egg 0.0625 0.1133335 0.08124999999999999 0.05833299999999998
Egg 0.1603125 0.81125 0.169375 0.13749999999999996
Egg 0.1265625 0.398333 0.09687499999999999 0.09499999999999997
Egg 0.110625 0.0066665 0.048750000000000016 0.013333
Egg 0.16312500000000002 0.0679165 0.07875000000000001 0.060833000000000005
Egg 0.16218749999999998 0.01375 0.061874999999999986 0.0275
Egg 0.1959375 0.1133335 0.04187500000000002 0.05166700000000002
Egg 0.26125 0.5904165 0.14375000000000002 0.13416699999999993
Egg 0.2709375 0.3879165 0.12937500000000002 0.12583299999999997
Egg 0.2703125 0.126667 0.05062500000000003 0.06
Egg 0.4034375 0.839167 0.143125 0.15999999999999992
Egg 0.3959375 0.44583300000000003 0.09812500000000002 0.065
Egg 0.4775 0.0325 0.04625000000000001 0.045
Egg 0.5375 0.4475 0.12000000000000005 0.11333400000000005
Egg 0.669375 0.88625 0.19499999999999995 0.125834
Egg 0.62625 0.0075 0.04625000000000001 0.015
Egg 0.71375 0.50875 0.1499999999999999 0.09083399999999997
Egg 0.7534375 0.0129165 0.05312499999999998 0.025833
Egg 0.8062499999999999 0.32958350000000003 0.12 0.08416700000000005
Egg 0.9359375000000001 0.47250000000000003 0.12687499999999996 0.08833399999999997
Egg 0.9078124999999999 0.0120835 0.06187500000000001 0.024167
Egg 0.9775 0.299583 0.04375000000000007 0.08250000000000002
Egg 0.9871875 0.9545835 0.024375000000000036 0.08416699999999999
