1 0.0278125 0.5016670000000001 0.055625 0.05500000000000005
1 0.12875 0.2191665 0.0475 0.05166699999999999
1 0.1846875 0.9550000000000001 0.02812500000000001 0.05500000000000005
1 0.20750000000000002 0.485417 0.05000000000000002 0.07250000000000001
1 0.33125 0.2729165 0.03749999999999998 0.07583300000000004
1 0.34624999999999995 0.3570835 0.03375 0.06583300000000003
1 0.4175 0.3558335 0.04625000000000001 0.05333300000000002
1 0.465625 0.33541699999999997 0.03500000000000003 0.04250000000000004
1 0.4578125 0.6370835 0.016874999999999973 0.025832999999999995
1 0.52 0.4683335 0.03500000000000003 0.06333299999999997
1 0.5346875 0.2604165 0.02562500000000001 0.02083299999999999
1 0.5503125 0.215 0.04937499999999995 0.06
1 0.5834375 0.26749999999999996 0.01937500000000003 0.028334000000000026
1 0.5956250000000001 0.2241665 0.03874999999999995 0.04833299999999999
1 0.6096875 0.0175 0.02562500000000001 0.035
1 0.768125 0.185 0.04999999999999993 0.058334
1 0.784375 0.28125 0.036250000000000004 0.03749999999999998
1 0.8274999999999999 0.2933335 0.025000000000000022 0.041666999999999954
1 0.865625 0.2245835 0.043749999999999956 0.06916699999999998
1 0.9675 0.18 0.028750000000000053 0.04833399999999999
1 0.989375 0.17875000000000002 0.020000000000000018 0.045834000000000014
