1 0.17450981 0.1794019795 0.34901962 0.352159441
1 0.11862745 0.492524925 0.2372549 0.32392025
1 0.17058824 0.8039867 0.34117648 0.29235880000000003
1 0.19901961 0.96843855 0.25294118 0.06312289999999998
1 0.298039225 0.039036545 0.20784315 0.07807309
1 0.412745125 0.48172758000000004 0.4372549499999999 0.37209304000000004
1 0.5205882199999999 0.82641195 0.37450975999999997 0.3139535
1 0.559803925 0.171926915 0.42941175000000004 0.34385383
1 0.5411764699999999 0.97009965 0.32549017999999996 0.05980070000000004
1 0.811764715 0.47425250500000005 0.37647056999999995 0.34717611
1 0.85490197 0.77740862 0.29019606 0.32558135999999993
1 0.8647059 0.15697675 0.27058819999999995 0.3139535
1 0.88235295 0.9717608 0.23529409999999995 0.05647840000000004
