1 0.029883383 0.655481 0.059766766 0.18344519999999997
1 0.038629735 0.812080535 0.07725947 0.17897087
1 0.044460643 0.53579419 0.08600583399999999 0.15436241999999994
1 0.17419825 0.39373601999999996 0.28425656 0.16554812000000002
1 0.0969387735 0.62527965 0.077259473 0.12304250000000005
1 0.13848397 0.255033555 0.1516035 0.20134228999999998
1 0.116618073 0.7427293049999999 0.093294454 0.13870251
1 0.12390670499999999 0.525727065 0.09329446999999999 0.12527960999999999
1 0.169825075 0.8579418249999999 0.12099125 0.20357934999999994
1 0.20991255 0.210290819 0.1166181 0.317673362
1 0.19314869 0.67449665 0.08017492000000001 0.19015658000000002
1 0.25000000499999997 0.50447427 0.17930028999999997 0.13199106000000005
1 0.28571428499999996 0.49328859 0.13411077 0.22147652
1 0.27988338 0.701342275 0.09620989999999999 0.21700224999999995
1 0.301020415 0.293064875 0.11224491 0.19239375000000003
1 0.359329445 0.82997765 0.16472301 0.23713650000000008
1 0.379008735 0.5268456349999999 0.11953353 0.14093959
1 0.37463558 0.30872483500000003 0.08454812 0.30872485
1 0.38848397 0.6431767349999999 0.11224489999999998 0.14093959
1 0.42492712 0.291946313 0.14139944 0.360178974
1 0.43658893 0.3109619625 0.12390669999999998 0.447427275
1 0.48032069499999996 0.685682315 0.09183669 0.21700223000000007
1 0.72740525 0.521252783 0.5451895 0.818791914
