1 0.298869145 0.54242425 0.06462035 0.07474750000000008
1 0.336833595 0.47272726499999995 0.06300485 0.06464646999999996
1 0.35298869 0.54444445 0.05008077999999999 0.10707069999999996
1 0.367528265 0.34343432500000004 0.03069466999999998 0.03232324999999997
1 0.40872375 0.52222222 0.09046849999999995 0.05858587999999998
1 0.40387721 0.58080807 0.07108238 0.054545459999999935
1 0.406300485 0.303030315 0.05331176999999998 0.04444442999999998
1 0.430533125 0.324242425 0.021001610000000004 0.026262609999999964
1 0.462035535 0.284848495 0.058158330000000036 0.05252525000000002
1 0.45961226499999996 0.34646465 0.053311790000000026 0.05858585999999999
1 0.5420032450000001 0.30000001 0.05654280999999994 0.06666665999999999
1 0.542810975 0.36060605999999995 0.048465250000000015 0.05454544
1 0.59531505 0.32929292 0.03715670000000004 0.04444444000000003
1 0.6397415399999999 0.2949495 0.07431339999999997 0.07272726000000002
1 0.632471725 0.35959595499999997 0.05008075000000001 0.05656564999999997
