0 0.0272861365 0.081858405 0.054572273 0.16371681
0 0.042772863 0.57079645 0.085545726 0.35398229999999997
0 0.0324483775 0.8683628299999999 0.064896755 0.19690266
0 0.15265487 0.838495575 0.13126844 0.26991145000000005
0 0.1703539825 0.07079646 0.15486725499999998 0.14159292
0 0.233038345 0.63163716 0.17994099000000002 0.40044248
0 0.311209435 0.82632745 0.12684365000000003 0.26327430000000007
0 0.36430679 0.10176991 0.14749261999999996 0.20353982
0 0.46091445000000003 0.73672567 0.11946902000000004 0.26106194000000005
0 0.56194692 0.117256635 0.15339236 0.23451327
0 0.58333335 0.53429203 0.16666669999999995 0.34292034000000005
0 0.615044235 0.78650442 0.1356931899999999 0.25442476
0 0.7588495500000001 0.10619469 0.14896750000000003 0.21238938
0 0.7625368699999999 0.73672567 0.12094393999999997 0.23893805999999995
