0 0.04296875 0.36250001 0.0859375 0.19166666
0 0.04140625 0.66041668 0.0828125 0.24583336
0 0.1828125 0.65625 0.22187500000000002 0.25833332
0 0.18984375 0.370833335 0.2140625 0.25416667000000004
0 0.396875 0.6583333499999999 0.19375000000000003 0.2666666999999999
0 0.4 0.38333333 0.184375 0.24166665999999998
0 0.6140625 0.65729165 0.20000000000000007 0.26458329999999997
0 0.6125 0.37291668 0.19062499999999993 0.25833335999999996
0 0.81484375 0.36875 0.19218749999999996 0.25
0 0.8343750000000001 0.65208333 0.21250000000000002 0.2625000599999999
0 0.95625 0.32916667 0.08750000000000002 0.16666665999999997
0 0.971875 0.64479168 0.05625000000000002 0.21458336
