Egg 0.2328125 0.48124999999999996 0.06562499999999999 0.11249999999999999
Egg 0.321875 0.266666665 0.11874999999999997 0.15416667
Egg 0.39296875 0.68333332 0.1171875 0.12916664
Egg 0.40078125 0.103125 0.07656250000000003 0.04375
Egg 0.44921875 0.33749999500000005 0.1484375 0.15416667
Egg 0.49453125 0.89791665 0.11406249999999996 0.05833330000000003
Egg 0.5578125 0.5927083200000001 0.15000000000000002 0.12708335999999998
Egg 0.55390625 0.8031250299999999 0.10468749999999993 0.10208333999999997
Egg 0.65859375 0.310416665 0.12031250000000004 0.14583333000000004
Egg 0.7390625 0.58333335 0.10625000000000007 0.14583330000000005
