Egg 0.230508475 0.3744344 0.12203388999999998 0.11538459999999995
Egg 0.23983050500000003 0.65723982 0.13050847000000002 0.12895924000000003
Egg 0.24406780499999997 0.49886879500000003 0.11525424999999997 0.16063351000000003
Egg 0.27542373 0.79072398 0.10338982000000002 0.16063344000000002
Egg 0.28389831 0.276018105 0.11694917999999999 0.11764706999999999
Egg 0.32542373999999996 0.576923115 0.11864407999999999 0.14932123000000008
Egg 0.34830510000000003 0.47511313499999996 0.10000000000000003 0.13122172999999998
Egg 0.35508475 0.6764706 0.11355930000000003 0.13574659999999994
Egg 0.42118645 0.37443439 0.11694914000000001 0.21040722
Egg 0.44491525 0.52375565 0.09999999999999998 0.14253389999999994
Egg 0.532203395 0.43778280999999997 0.10169491000000003 0.1515837
Egg 0.5838983 0.56900453 0.14406779999999997 0.14253393999999997
Egg 0.8169491550000001 0.30429864500000003 0.09491521000000003 0.13800905000000002
Egg 0.819491505 0.158371045 0.08644068999999999 0.12217195
Egg 0.844915225 0.43438916 0.12033894999999994 0.14932128
