Egg 0.1534375 0.526684 0.19187500000000002 0.26946600000000004
Egg 0.1603125 0.27121649999999997 0.17312500000000003 0.264217
Egg 0.30062500000000003 0.6644795 0.2 0.3193349999999999
Egg 0.4621875 0.2974625 0.5231250000000001 0.502187
Egg 0.44656250000000003 0.7843395 0.23812500000000003 0.32108499999999995
Egg 0.49375 0.49431349999999996 0.25750000000000006 0.297463
Egg 0.63 0.390201 0.17625000000000002 0.22572200000000003
Egg 0.6403125000000001 0.6316715 0.1918749999999999 0.32895900000000006
Egg 0.784375 0.3014 0.18875000000000008 0.17060399999999998
Egg 0.809375 0.490814 0.1925 0.272966
