Egg 0.139891695 0.7942238500000001 0.18231047 0.16967509999999997
Egg 0.24819494 0.9296029 0.16064982 0.14079419999999998
Egg 0.291516235 0.683213 0.17148012999999998 0.17148019999999997
Egg 0.414259925 0.8438627999999999 0.17148015 0.16064979999999995
Egg 0.45397111999999995 0.5893501999999999 0.16064984 0.16064979999999995
Egg 0.551444035 0.7310469150000001 0.16425992999999994 0.15162456999999996
Egg 0.6164259999999999 0.48465705 0.16064979999999995 0.15342961999999993
Egg 0.705776185 0.6281588250000001 0.16245491 0.15884474999999998
Egg 0.75812273 0.38718411500000005 0.16245485999999998 0.14981949
Egg 0.8601082849999999 0.527075825 0.16064983 0.15162455000000002
Egg 0.9061372 0.28519856 0.16245489999999996 0.15523468
Egg 0.96750903 0.42689531000000003 0.06498194000000002 0.13898918
