Egg 0.1694696 0.47732997 0.3389392 0.36523926
Egg 0.1959896535 0.178841306 0.350582153 0.32241812799999997
Egg 0.44178525 0.8879093250000001 0.4514877 0.22418134999999995
Egg 0.5155239300000001 0.668765735 0.41009054 0.41561713
Egg 0.52587323 0.353904285 0.36351873999999995 0.36020153
Egg 0.7283311800000001 0.14357683 0.34152656000000003 0.28715366
Egg 0.8712807499999999 0.059193955 0.1047865 0.11838791
Egg 0.94760674 0.31108313 0.10219920000000005 0.19899244000000002
Egg 0.96119015 0.0604534 0.07761969999999996 0.1209068
Egg 0.9702458 0.197733 0.05950840000000002 0.14357684
