0 0.078125 0.4822915 0.15625 0.17708300000000005
0 0.11640600000000001 0.785417 0.220312 0.23750000000000004
0 0.171094 0.325 0.17968800000000001 0.166666
0 0.211719 0.61875 0.18593800000000002 0.22916599999999998
0 0.2593755 0.20416650000000003 0.15937500000000002 0.14166700000000002
0 0.296875 0.427083 0.18125000000000002 0.1875
0 0.321875 0.0916665 0.125 0.16666699999999998
0 0.38125 0.2885415 0.15312399999999998 0.16041700000000003
0 0.3718755 0.0291665 0.11562500000000003 0.058333
0 0.4640625 0.5333330000000001 0.19062499999999993 0.21250000000000002
0 0.478125 0.1739585 0.14999999999999997 0.16041699999999998
0 0.524219 0.0614585 0.126562 0.122917
0 0.5453125 0.40520849999999997 0.16874899999999998 0.17291700000000004
0 0.6156245 0.8125 0.22187500000000004 0.23333399999999993
0 0.600781 0.28541649999999996 0.18593799999999994 0.158333
0 0.6304685 0.170833 0.16406300000000007 0.1125
0 0.725781 0.459375 0.18593799999999994 0.164584
0 0.825 0.93125 0.25 0.13333400000000006
0 0.8031245 0.1875 0.15312499999999996 0.11666599999999999
0 0.8031255 0.321875 0.140625 0.18124999999999997
0 0.921875 0.44166700000000003 0.1531260000000001 0.17500000000000004
0 0.95625 0.271875 0.084376 0.122916
