0 0.157778 0.86625 0.315556 0.240834
0 0.2233335 0.5975 0.335555 0.20333399999999996
0 0.2705555 0.42875 0.23222299999999998 0.134166
0 0.248333 0.31583300000000003 0.16999999999999998 0.08500000000000002
0 0.3005555 0.2279165 0.185555 0.07083299999999998
0 0.322778 0.165 0.174444 0.061666
0 0.333889 0.0241665 0.127778 0.041666999999999996
0 0.3466665 0.055 0.148889 0.048334
0 0.35222200000000004 0.10750000000000001 0.15555599999999997 0.05
0 0.358889 0.07041649999999999 0.124444 0.044167
0 0.5405555 0.0395835 0.096667 0.040832999999999994
0 0.583889 0.0075 0.08333400000000002 0.015
0 0.697778 0.87375 0.29555599999999993 0.1875
0 0.672222 0.1816665 0.135556 0.04333300000000001
0 0.6761109999999999 0.01125 0.08777800000000002 0.0225
0 0.732222 0.26625 0.177778 0.07083400000000001
0 0.7633335 0.08916650000000001 0.13333299999999992 0.048333
0 0.8227774999999999 0.364167 0.2433329999999999 0.10499999999999998
