0 0.0390625 0.462083 0.078125 0.09250000000000003
0 0.0728125 0.403333 0.145625 0.14500000000000002
0 0.09093749999999999 0.67125 0.178125 0.20083399999999996
0 0.14625 0.197083 0.15125 0.12749999999999997
0 0.1603125 0.5283335 0.135625 0.153333
0 0.25 0.28875 0.10875000000000001 0.23250000000000004
0 0.288125 0.5420834999999999 0.16125000000000003 0.20083299999999998
0 0.36031250000000004 0.1416665 0.261875 0.12333300000000001
0 0.363125 0.7408335 0.24375 0.213333
0 0.3875 0.40958300000000003 0.22375 0.23249999999999998
0 0.47750000000000004 0.56375 0.15750000000000003 0.23416600000000004
0 0.50125 0.25625 0.10499999999999998 0.184166
