0 0.07511737 0.54583332 0.15023474 0.29999996
0 0.067292645 0.81458333 0.13458529 0.37083334
0 0.0829420955 0.31875 0.153364629 0.2125
0 0.144757435 0.1052083317 0.16431925 0.2062499966
0 0.31298904 0.8125 0.31298902000000006 0.375
0 0.326291075 0.50625001 0.23004695000000003 0.32916668
0 0.35446009 0.2875 0.17996871999999997 0.2375
0 0.377151805 0.1010416685 0.15649453000000002 0.19375000299999998
0 0.677621275 0.835416675 0.30046945 0.32916665
0 0.650234735 0.50000002 0.24256653000000006 0.33333335999999997
0 0.615805955 0.088541665 0.17057900999999998 0.17708333
0 0.6298904750000001 0.26041667 0.19248824999999992 0.20833333999999998
0 0.8575900000000001 0.09791667 0.1784038 0.19583334
0 0.91549295 0.263541665 0.16275430000000002 0.20625000999999998
0 0.91862285 0.47291666 0.16275430000000002 0.33749998000000003
0 0.9334898300000001 0.804166675 0.13302033999999996 0.39166665
