0 0.235453315 0.88915665 0.09742897000000003 0.16867469999999996
0 0.2503383 0.70843375 0.09472260000000002 0.18313250000000003
0 0.2631935 0.53253014 0.08795670000000003 0.16867472
0 0.341001345 0.9 0.09201625000000002 0.19036140000000001
0 0.35047361499999996 0.7144578500000001 0.10013533000000002 0.16626510000000005
0 0.36535859000000004 0.54939759 0.08660351999999999 0.14457834000000003
0 0.37415425 0.33975903500000004 0.0879567 0.12530121
0 0.38971583 0.21084336999999997 0.08389713999999998 0.15662649999999997
0 0.39580515 0.073493977 0.08254395999999997 0.12771084600000002
0 0.4539919 0.91445783 0.09607579999999999 0.17108433999999995
0 0.462787525 0.7277108400000001 0.09472254999999996 0.17349398000000005
0 0.46887683999999996 0.55662652 0.09878212000000003 0.15421683999999997
0 0.47496618 0.32771085 0.09201624000000003 0.13493975999999996
0 0.47834909999999997 0.19036144500000002 0.07983760000000001 0.11566265
0 0.485791615 0.07831325450000001 0.07848443000000005 0.11807229100000001
0 0.57104195 0.73373493 0.10013530000000004 0.17108433999999995
0 0.5717185 0.9096385499999999 0.09607579999999993 0.17108430000000008
0 0.56833559 0.55783133 0.08660351999999993 0.15180721999999996
0 0.572395145 0.077108435 0.07848440999999995 0.12048193000000001
0 0.5737483 0.20240964 0.07848440000000001 0.13493976
0 0.579161025 0.331325305 0.08930985000000002 0.12771085
0 0.659675225 0.077108431 0.08525035000000003 0.13012047799999998
0 0.66508795 0.196385545 0.0852503 0.13253011
0 0.677266565 0.90843373 0.10148853000000002 0.17831326000000003
0 0.67117725 0.55542168 0.08660349999999994 0.15662652
0 0.67320705 0.32530119999999996 0.0879567 0.11566263999999998
0 0.67658995 0.7325301 0.08660350000000006 0.1879518
0 0.750338275 0.08795180100000001 0.07442494999999993 0.118072278
0 0.762516925 0.204819275 0.09066305000000008 0.12530121
0 0.7713126 0.334939765 0.09201619999999999 0.15903613000000005
0 0.7801082699999999 0.57590363 0.0906630599999999 0.14457826000000007
0 0.7841678000000001 0.7313253 0.09607580000000004 0.17108439999999991
0 0.79228688 0.9096385499999999 0.10960756000000005 0.18072290000000002
