0 0.12631578999999998 0.835141 0.1263158 0.16919740000000005
0 0.13984962499999998 0.633405665 0.14135339 0.20824293000000005
0 0.278195485 0.795010825 0.13834587 0.14099784999999998
0 0.29097744000000003 0.64967462 0.11278196000000001 0.15835135999999994
0 0.42706766500000004 0.79609542 0.13533836999999999 0.15184376
0 0.4338346 0.630151825 0.12481204000000001 0.18438175
0 0.5721804500000001 0.6366594 0.12781950000000009 0.18438179999999993
0 0.5759398499999999 0.79718 0.11428570000000005 0.1496746
0 0.71353385 0.63449025 0.11879700000000004 0.17570490000000005
0 0.719548875 0.79826465 0.13082704999999994 0.15184390000000003
0 0.86842105 0.8177874 0.13383449999999997 0.1908894
0 0.8631578950000001 0.637744035 0.12030071000000009 0.17787412999999996
