0 0.22109374999999998 0.4 0.13281249999999997 0.1375
0 0.225 0.56666667 0.1375 0.14166665999999994
0 0.28515625 0.264583335 0.11093750000000002 0.14166666999999997
0 0.2984375 0.70208335 0.10937500000000003 0.1791666999999999
0 0.4 0.189583328 0.10000000000000003 0.14999998400000003
0 0.41640625 0.46770835 0.10468749999999999 0.17291670000000003
0 0.415625 0.7916666800000001 0.09687499999999999 0.17083335999999993
0 0.5125 0.532291665 0.13124999999999998 0.13124998999999998
0 0.5093749999999999 0.40208334 0.11562499999999998 0.14583332
0 0.528125 0.185416663 0.09999999999999998 0.14999999400000003
0 0.5609375 0.77812503 0.12187499999999996 0.17708334000000003
0 0.653125 0.24375000000000002 0.11875000000000002 0.15416666000000004
0 0.6781250000000001 0.684374975 0.13124999999999998 0.16458335000000002
0 0.73125 0.36666666000000003 0.14374999999999993 0.14999999999999997
0 0.7296875 0.53333332 0.13437500000000002 0.13749995999999998
