0 0.098201938 0.7346698 0.146611344 0.2146226
0 0.108575385 0.48584905 0.14799447 0.26886790000000005
0 0.25795298 0.74292455 0.12863071999999998 0.2216981
0 0.26486861 0.51886795 0.12586445999999998 0.23584909999999998
0 0.417704015 0.7299528 0.13554633 0.21933959999999997
0 0.42461964 0.5129717 0.12448132 0.21933959999999997
0 0.5670816350000001 0.5153302 0.12448132999999995 0.22405660000000005
0 0.5774551 0.74056605 0.12309820000000005 0.20754709999999998
0 0.724066415 0.50707547 0.13139696999999995 0.23113205999999997
0 0.74135547 0.72759435 0.14384505999999997 0.21933970000000003
0 0.873444 0.517688675 0.13416319999999993 0.20990564999999994
0 0.89764868 0.72759435 0.13554635999999998 0.21462269999999994
