0 0.07562408 0.090909095 0.15124816 0.18181819
0 0.07856094 0.7882483199999999 0.15712188 0.21507756
0 0.165932453 0.670731695 0.149779734 0.17960089
0 0.18355359249999997 0.05210643 0.14390601499999997 0.10421286
0 0.23715124 0.864745 0.18061672 0.25720619999999994
0 0.288546255 0.55099779 0.15418501 0.21951221999999998
0 0.35022026 0.739467875 0.15418500000000002 0.21951224999999996
0 0.39794419999999997 0.9279379249999999 0.16152720000000004 0.14412415
0 0.40014683500000003 0.452328185 0.13950073000000002 0.17294902999999995
0 0.44493392499999995 0.6407982400000001 0.14977974999999993 0.17294902
0 0.50954478 0.8348115300000001 0.16446403999999998 0.19290466000000006
0 0.5066079 0.33813748 0.15565340000000005 0.18403548
0 0.5462555 0.495565425 0.15565340000000005 0.25055435000000004
0 0.5719529999999999 0.9722838 0.13362700000000005 0.05543240000000005
0 0.61013215 0.7128603 0.15712189999999993 0.2017738
0 0.64684285 0.23614191 0.12775329999999996 0.14855878
0 0.6527166 0.409090925 0.13069019999999998 0.15742794999999998
0 0.67694565 0.90798225 0.16740089999999996 0.17960090000000006
0 0.7026431550000001 0.59090909 0.16299556999999998 0.18403547999999997
0 0.7048458 0.127494459 0.14096920000000002 0.184035482
0 0.76358295 0.78713967 0.15859029999999996 0.20399113999999996
0 0.79441995 0.49002217 0.1468429 0.16851439999999995
0 0.796622635 0.07317073 0.13950072999999996 0.14634146
0 0.79809105 0.28270510000000004 0.13656389999999996 0.1308204
0 0.84140967 0.9600887 0.1556534599999999 0.07982259999999997
0 0.85682821 0.67405765 0.15712190000000004 0.2128603
0 0.87371512 0.20288249999999997 0.13509544000000007 0.135255
0 0.92584435 0.876940115 0.14831130000000003 0.22838137000000003
0 0.93685755 0.089800447 0.12628490000000003 0.15742794599999999
0 0.9375918 0.35476717 0.12481640000000005 0.12860310000000003
0 0.938326 0.5676275150000001 0.12334800000000001 0.20399117
0 0.9787078 0.2638581 0.04258439999999997 0.0931264
