0 0.084573745 0.409638555 0.16914749 0.38072289
0 0.191474965 0.767469885 0.23139377000000003 0.46506022999999996
0 0.26589986 0.50722892 0.18267928 0.39759036000000003
0 0.30243573 0.256626505 0.13937754000000002 0.28674699000000003
0 0.46414071999999995 0.668674695 0.21380243999999998 0.49397591
0 0.46752369 0.1228915693 0.12043302 0.24096386139999998
0 0.50270635 0.30481927999999997 0.14749658000000004 0.31084336
0 0.71177265 0.803614465 0.24357242 0.39277107
0 0.681326125 0.44457832 0.17456025000000008 0.3686747
0 0.68876862 0.14216867 0.13261164000000003 0.28433734
0 0.8240866 0.26626507 0.1596751999999999 0.33975906
0 0.9025710499999999 0.5192771 0.19485790000000003 0.4506024
